-5.589074323892596243e-06
1.042766756836251558e-04
1.568310846909484171e-04
-2.097316494019455297e-05
-2.024923773982222910e-04
-2.821205036534256289e-05
3.661911186602365620e-04
4.170195984280196757e-04
-2.995825257154834537e-05
-3.613234634923303819e-04
-2.165570654503595692e-05
6.008369758144713191e-04
6.386452910709521395e-04
1.200332769153998826e-05
-3.827496911542469979e-04
5.307497620970165800e-05
7.329351427896296095e-04
7.379061734486278348e-04
1.499916938036594156e-04
-1.328256071098930010e-04
2.414346197612014583e-04
6.609296018620838126e-04
6.152373291821510793e-04
4.210409745584945264e-04
4.917813774942166039e-04
5.674166877329959351e-04
3.290880938017109775e-04
2.354650527878912147e-04
8.176933113525582976e-04
1.446922127952839521e-03
9.955086074766709460e-04
-1.818478193079197487e-04
-2.855848494594374377e-04
1.255538827783915685e-03
2.452110625222859129e-03
1.407660146560295181e-03
-6.135172542065435658e-04
-6.581279794687529532e-04
1.572082383703491326e-03
3.015376267934315960e-03
1.620575709026330453e-03
-5.981400354414137359e-04
-5.116659586852409080e-04
1.573798456988539625e-03
2.612701980130613649e-03
1.451377528447069095e-03
1.566003082823881002e-04
4.025276058009869744e-04
1.122988747682005612e-03
9.759465533325073060e-04
8.114687074305505310e-04
1.633387826204919183e-03
1.981257600652071207e-03
2.279951853802838384e-04
-1.642718711092220523e-03
-2.161823663866020587e-04
3.345831410093075883e-03
3.641074058402896021e-03
-9.143373458179637672e-04
-4.394623611133369884e-03
-1.366547081572484085e-03
4.377882438210278435e-03
4.407268099320351198e-03
-1.964414510136280271e-03
-6.058791232988037720e-03
-2.277444515013834526e-03
3.675679207128473933e-03
3.252472281470369757e-03
-2.578276152067579454e-03
-5.549408259881398985e-03
-2.655420870035432070e-03
5.262253736245791486e-04
-4.060829222546714955e-04
-2.595322483987411080e-03
-2.535945268568341130e-03
-2.461953020986249428e-03
-4.957827828816170797e-03
-6.248418242037325453e-03
-2.195322180080600157e-03
2.097472657517546451e-03
-2.033288881565270718e-03
-1.157884213880197577e-02
-1.286270459268991709e-02
-1.939774992306005173e-03
6.216558830085540735e-03
-2.058474008055715190e-03
-1.720029684351158036e-02
-1.798230785032798804e-02
-2.648143711769649668e-03
6.949082403903639356e-03
-3.389889714092936789e-03
-1.933109402001023311e-02
-1.914488907090893671e-02
-5.125070579491349670e-03
1.645314457946538697e-03
-6.731575934078577565e-03
-1.599198518049459519e-02
-1.458177148502225705e-02
-9.824308512760166270e-03
-1.102873407778816317e-02
-1.231284102160078858e-02
-6.558834961708944616e-03
-4.014188439108042593e-03
-1.657726457445627896e-02
-3.028946341210780532e-02
-1.967859716076593782e-02
7.759379239440617783e-03
1.097593188633600760e-02
-2.450628848164169288e-02
-5.308902991891478046e-02
-2.769816942480239630e-02
2.404494788401060484e-02
2.720145004811063902e-02
-3.218296532353402684e-02
-7.476640040631471473e-02
-3.481831513583811405e-02
3.841987697657320289e-02
4.072380466794339043e-02
-3.800055202064148152e-02
-9.033683486762969506e-02
-3.949231195815564033e-02
4.719686419303326108e-02
4.804060321306677372e-02
-4.064352243512275170e-02
9.039980705994995480e-01
-4.064352243512275170e-02
4.804060321306678066e-02
4.719686419303326108e-02
-3.949231195815564033e-02
-9.033683486762969506e-02
-3.800055202064148152e-02
4.072380466794339043e-02
3.841987697657320289e-02
-3.481831513583811405e-02
-7.476640040631471473e-02
-3.218296532353402684e-02
2.720145004811063902e-02
2.404494788401060484e-02
-2.769816942480239630e-02
-5.308902991891478046e-02
-2.450628848164169288e-02
1.097593188633600760e-02
7.759379239440617783e-03
-1.967859716076593782e-02
-3.028946341210780532e-02
-1.657726457445627896e-02
-4.014188439108042593e-03
-6.558834961708944616e-03
-1.231284102160078858e-02
-1.102873407778816317e-02
-9.824308512760166270e-03
-1.458177148502225705e-02
-1.599198518049459519e-02
-6.731575934078578433e-03
1.645314457946538697e-03
-5.125070579491349670e-03
-1.914488907090893671e-02
-1.933109402001023311e-02
-3.389889714092937656e-03
6.949082403903641091e-03
-2.648143711769648800e-03
-1.798230785032798804e-02
-1.720029684351158036e-02
-2.058474008055715190e-03
6.216558830085540735e-03
-1.939774992306005823e-03
-1.286270459268991882e-02
-1.157884213880197403e-02
-2.033288881565269851e-03
2.097472657517546451e-03
-2.195322180080600157e-03
-6.248418242037325453e-03
-4.957827828816172532e-03
-2.461953020986250296e-03
-2.535945268568341997e-03
-2.595322483987410212e-03
-4.060829222546714955e-04
5.262253736245790401e-04
-2.655420870035432070e-03
-5.549408259881398985e-03
-2.578276152067579454e-03
3.252472281470370624e-03
3.675679207128475668e-03
-2.277444515013833659e-03
-6.058791232988036853e-03
-1.964414510136280271e-03
4.407268099320351198e-03
4.377882438210280169e-03
-1.366547081572484085e-03
-4.394623611133371618e-03
-9.143373458179642008e-04
3.641074058402895153e-03
3.345831410093075015e-03
-2.161823663866020587e-04
-1.642718711092220523e-03
2.279951853802839198e-04
1.981257600652071640e-03
1.633387826204919834e-03
8.114687074305499889e-04
9.759465533325069808e-04
1.122988747682005396e-03
4.025276058009869744e-04
1.566003082823881002e-04
1.451377528447069095e-03
2.612701980130613649e-03
1.573798456988540709e-03
-5.116659586852406912e-04
-5.981400354414137359e-04
1.620575709026330453e-03
3.015376267934315960e-03
1.572082383703491326e-03
-6.581279794687529532e-04
-6.135172542065439995e-04
1.407660146560295832e-03
2.452110625222857828e-03
1.255538827783915685e-03
-2.855848494594374377e-04
-1.818478193079197487e-04
9.955086074766709460e-04
1.446922127952839521e-03
8.176933113525587313e-04
2.354650527878913502e-04
3.290880938017106522e-04
5.674166877329959351e-04
4.917813774942166039e-04
4.210409745584945264e-04
6.152373291821510793e-04
6.609296018620838126e-04
2.414346197612015396e-04
-1.328256071098928926e-04
1.499916938036593343e-04
7.379061734486278348e-04
7.329351427896296095e-04
5.307497620970165800e-05
-3.827496911542469979e-04
1.200332769153999334e-05
6.386452910709524648e-04
6.008369758144709938e-04
-2.165570654503594337e-05
-3.613234634923303819e-04
-2.995825257154834537e-05
4.170195984280196757e-04
3.661911186602365620e-04
-2.821205036534258322e-05
-2.024923773982224265e-04
-2.097316494019453942e-05
1.568310846909484171e-04
1.042766756836251558e-04
-5.589074323892596243e-06
